1 44
46 82
84  115
118 151
153 185
188 220
223 258
260 293
295 324
327 373
375 418 
420 460
462 514
516 573
575 626
628 668
671 714
716 754
757 807 
809 861
863 911
913 958
960 1006
1008 1040
1051 1096
1098 1141
1143 1171
1173 1204
1219 1275
1277 1332
1334 1384
1386 1427
1429 1469
1471 1509
1511 1551
1553 1593 
1595 1658 
1660 1703
1705 1740
1742 1788
1790 1825
1827 1871
1873 1916
1918 1956
1958 1999
2001 2041 
2043 2089
2091 2152
2154 2197 
2199 2244
2246 2296
2299 2335
2337 2383
2385 2428
2430 2471
2473 2519
2521 2562
2564 2601
2603 2640
2642 2684
2686 2726
2728 2770
2772 2811
2813 2855
2857 2904
2906 2945
2947 2987
2989 3047 
3049 3090
3092 3132
3134 3180 # stopped
3182 3226
3228 3272
3274 3321
3323 3368 
3370 3411 
3413 3456 
3458 3500 
3502 3543 
3545 3590 
3592 3632 
3634 3673 
3675 3717 
3719 3757 
3759 3795 
3797 3839 
3841 3882
3884 3928 
3930 3984
3986 4018 
4020 4060
4062 4104 
4106 4154 
4156 4198 
4200 4245 
4247 4293
4295 4334 
4336 4382 
4384 4422 
4424 4465 
4467 4508 
4510 4549 
4551 4586
4588 4619 
4621 4663 
4665 4712 
4714 4756 
4758 4797 
4799 4841 
4843 4875 
4877 4916 
4918 4959 
4961 4997 
4999 5036 
5038 5075 
5077 5122
5124 5169
5171 5206
5208 5252
5254 5293
5295 5329
5331 5379
5381 5427
5429 5470
5472 5507
5509 5544
5546 5588
5590 5632
5634 5673
5675 5715
5717 5761
5763 5800
5802 5841
5843 5881
5883 5921
5923 5963
